4294967278,311
4294967279,321
4294967278,310
4294967279,320
4294967278,309
4294967279,319
4294967279,318
4294967279,317
4294967278,308
4294967279,316
4294967279,315
4294967279,314
4294967279,313
4294967278,307
4294967279,312
32,4
4294967278,306
32,3
32,2
32,1
4294967279,311
4294967294,428
4294967278,305
4294967279,310
4294967278,304
4294967279,309
31,4
4294967278,303
31,3
31,2
31,1
4294967278,302
4294967279,308
30,4
30,3
30,2
30,1
4294967278,301
29,4
29,3
29,2
29,1
4294967294,476
28,4
28,3
28,2
28,1
4294967278,300
27,4
27,3
27,2
27,1
26,4
26,3
26,2
26,1
25,4
25,3
25,2
25,1
24,4
24,3
24,2
24,1
4294967278,299
4294967279,307
23,5
23,4
23,3
23,2
23,1
4294967278,298
4294967279,306
4294967279,305
4294967294,475
22,4
22,3
22,2
22,1
4294967279,304
21,4
21,3
21,2
21,1
4294967279,303
4294967294,1413
4294967294,945
4294967294,1412
4294967294,915
20,4
20,3
20,2
20,1
4294967279,302
4294967294,474
4294967278,297
4294967279,301
19,4
19,3
19,2
19,1
4294967279,300
18,4
18,3
18,2
18,1
4294967279,299
4294967294,473
4294967278,296
4294967279,298
17,4
17,3
17,2
17,1
4294967279,297
16,4
16,3
16,2
16,1
4294967279,296
15,4
15,3
15,2
15,1
4294967279,295
4294967278,295
4294967279,294
14,4
14,3
14,2
14,1
4294967279,293
4294967294,472
4294967294,1411
4294967294,1410
13,4
13,3
13,2
13,1
4294967279,292
4294967294,83
4294967278,294
4294967279,291
12,5
12,4
12,3
12,2
12,1
4294967278,293
11,4
11,3
11,2
11,1
4294967278,292
4294967294,1409
4294967294,1408
4294967294,437
4294967294,471
4294967294,470
4294967279,290
4294967278,291
10,4
10,3
10,2
10,1
4294967278,290
4294967294,1151
4294967279,289
4294967278,289
9,4
9,3
9,2
9,1
4294967278,288
4294967294,187
4294967294,972
8,4
8,3
8,2
8,1
4294967278,287
4294967279,288
4294967278,286
7,4
7,3
7,2
7,1
4294967278,285
4294967279,287
4294967278,284
6,4
6,3
6,2
6,1
4294967294,1150
5,4
5,3
5,2
5,1
4294967279,286
4294967278,283
4,4
4294967278,282
4,3
4,2
4,1
4294967279,285
3,4
3,3
3,2
3,1
4294967294,469
4294967278,274
2,4
2,3
2,2
2,1
4294967279,284
4294967293,131
4294967293,130
4294967293,129
4294967293,128
4294967293,127
4294967293,126
4294967293,125
4294967293,124
4294967293,123
4294967293,122
4294967293,121
4294967293,120
4294967293,119
4294967293,118
4294967293,117
4294967293,116
4294967293,115
4294967293,114
4294967293,113
4294967293,112
4294967293,111
4294967293,110
4294967293,109
4294967293,108
4294967293,107
4294967293,106
4294967293,105
4294967293,104
4294967293,103
4294967293,102
4294967293,101
4294967293,100
4294967293,99
4294967293,98
4294967293,97
4294967293,96
4294967293,95
4294967293,94
4294967293,93
4294967293,92
4294967293,91
4294967293,90
4294967293,89
4294967293,88
4294967293,87
4294967293,86
4294967293,85
4294967293,84
4294967293,83
4294967293,82
4294967293,81
4294967293,80
4294967293,79
4294967293,78
4294967293,77
4294967293,76
4294967293,75
4294967293,74
4294967293,73
4294967293,72
4294967293,71
4294967293,70
4294967293,69
4294967293,68
4294967293,67
4294967293,66
4294967293,65
4294967293,64
4294967293,63
4294967293,62
4294967293,61
4294967293,60
4294967293,59
4294967293,58
4294967293,57
4294967293,56
4294967293,55
4294967293,54
4294967293,53
4294967293,52
4294967293,51
4294967293,50
4294967293,49
4294967293,48
4294967293,47
4294967293,46
4294967293,45
4294967293,44
4294967293,43
4294967293,42
4294967293,41
